   0.143825904576126
   0.268919150524765
   0.220065054936396
   0.158302388940763
   0.100707865622312
   0.057059799885478
   0.029004406368103
   0.013322185500951
   0.005566793512356
   0.002129483035370
   0.000750016365255
   0.000244486312844
   0.000074109129440
   0.000020978444097
   0.000005567174547
   0.000001389874080
   0.000000327472710
   0.000000073028179
   0.000000015454994
   0.000000003111433
   0.000000000597213
   0.000000000109512
   0.000000000019221
   0.000000000003235
   0.000000000000523
   0.000000000000081
   0.000000000000012
   0.000000000000002
   0.000000000000000
   0.000000000000000   

