   2.2222039956848918        9.2841587282649352E-017  -1.5214237544636511       -5.1330196603610601E-017  -2.4451157419429990       -4.9696675964212549        2.9544509200229996E-018  -1.6565434658179570        4.8852117013123419E-016  0.88652763842930471        1.4438184805717902E-016   1.0730078374901715        2.5230739806453295E-016   5.3169117714071774     
   9.2841587282649352E-017   2.6466155582554753        2.3367267322493834E-016  0.88752884186771819        6.4737203499341117E-016   3.7932740004360376E-016  -2.0809550283885421        2.1536320903708939E-016  -5.9033462597349926        6.4529002800906010E-016  -2.2234736007089144       -4.7539724164647607E-016  -2.0184354544218168       -2.6658322783008588E-015
  0.90561041467353232       -3.2390539903004445E-017 -0.26262980252573492       -2.7786068801730068E-017 -0.82827173290897871       -1.8388718124808230        8.0569773942829048E-018 -0.68605395222641219        1.2572001816327227E-016 -0.77850064366783145        3.3688829652908474E-017  0.17560745738677239        1.6797002157231677E-016   1.8321323237210383     
  -9.0801931945660996E-017  0.88752884186771830       -4.8585809854506667E-018  0.56566052986693582        2.2588335824198780E-016   1.3050406024936456E-016 -0.44841591697347755        1.5787677697283453E-016  -2.0184354544218168        8.7996558824354754E-017  -1.3053657500117961       -9.8564141874299405E-017  -1.3053657500117957       -9.1977592500626284E-016
  0.44376442093385909        3.7595980880355748E-016  -1.0404775141942710        9.8373559461167187E-017 -0.30505757161201980       -1.1117368003544572       -3.5320765680735972E-016 -0.12168888534319028       -5.5029443594154306E-016   2.4687496675769154       -1.4806104154269648E-016  0.21803522647305754       -1.4083616813997252E-016 -0.95470748604574907     
  0.28282407353438432       -1.8653359564434202E-017  -9.2169946526068757E-003  -9.8188059245718495E-018 -0.22868465755747125      -0.52213003264236590       -2.7003410358467095E-018 -0.21755476499103907        6.2585570406725743E-017 -0.46436001402631510        1.6355782695006912E-017   3.5213957001775371E-004   4.3171575255657180E-017  0.51475752345156878     
  -2.7786068801730068E-017  0.28283026493346791       -1.2739375526704677E-018  0.21955646244712002        8.2519643787408448E-017   3.3689041411145287E-017  -8.7022345138962467E-002   6.1652140098851504E-017 -0.65268287500589783        8.1545555898066002E-017 -0.46570748934942785       -2.1136860165783811E-017 -0.51388933234743839       -2.6150003488284706E-016
  0.28283026493346791        8.4495771653352730E-017 -0.22420795848673886        7.0076729792242776E-017 -0.12168888534319032      -0.65268287500589806       -5.1821475713018095E-017  -8.7022345138962384E-002  -1.4625887306829455E-016  0.20691638611078869       -9.7397989264167047E-017   4.6912477889992400E-002  -5.2228051527700159E-017 -0.24807667963722993     
   3.6240092890038426E-017  0.33941674595397964       -5.8122553807642835E-017  0.10735851506308924        3.0208635970436571E-017  -9.8110158684350701E-017 -0.27414743741063458        1.3303287711339228E-017 -0.62329341886952727        9.8455721657050854E-017 -0.27381552541969956       -2.2113277395731205E-017 -0.20438111797996533       -3.4193041234884867E-016
   7.3163288142083810E-002  -2.4555485140902167E-018   1.0879528606600714E-002  -1.6805133673525319E-018  -5.4388691247759781E-002 -0.12300274949603394       -1.2569968937253817E-018  -5.7083129496863345E-002   1.4153920548619359E-017 -0.15771517142707234        3.1983434692730347E-018  -1.0103234193105624E-002   1.2790197503539935E-017  0.12447201972510001     
  -1.0255874925355069E-017   7.3185489663470882E-002  -6.4374503991326826E-019   6.5269308543345339E-002   2.0509208751868374E-017   4.2127183631692627E-018  -8.8648550825891088E-003   1.7945240020529607E-017 -0.17129644922084458        3.4355656340634422E-018 -0.12743343943271027       -9.6222942808088519E-019 -0.15477621607271735       -7.6574743047104141E-017
  0.10977823122356001        3.4603836994179932E-017  -4.3511172569481261E-002   4.8975445010243646E-018  -4.3511172569481192E-002 -0.23285374467471393       -7.8977352001990964E-018  -3.7388203726598929E-002  -2.8067283740218496E-017  -6.0616635743903198E-002  -2.8140022694563959E-017   7.1547751739462484E-003  -4.1203070686238186E-017  -6.0616635743903316E-002
   1.3519916387599515E-017  0.10735851506308924       -1.8556374291973585E-017   6.5269308543345353E-002   1.2395586029237838E-017  -5.1895220518988422E-017  -5.9098495293521174E-002   9.4571228560942633E-018 -0.20438111797996533        1.7880865516538280E-017 -0.15477621607271744       -4.8846272485787365E-018 -0.12743343943271027       -8.2250552007977597E-017
   2.6839628765772311E-002   3.0028350301569413E-017  -6.8536859352658658E-002   1.3544586222188296E-017   1.3885018259608067E-002  -6.8453881354924889E-002  -3.8216008997745896E-017   2.5839780365532619E-003  -5.7623704341269255E-017  0.16691652403979648       -2.5692047846162278E-017  -1.3108723846112981E-002  -1.8791002418363026E-017 -0.19178384430610587     
